26.6
27.0
26.4
29.4
27.7
28.9
26.4
25.4
27.8
26.0
27.4
28.5
25.7
27.1
25.4
26.5
25.0
25.6
29.9
25.7
25.7
25.4
25.7
29.9
27.6
26.3
25.6
27.7
26.5
29.6
25.2
28.9
26.8
25.9
29.5
25.7
29.7
29.3
29.9
25.4
29.2
27.3
25.5
25.9
27.1
28.1
29.3
28.8
28.3
25.6
28.3
27.6
28.2
26.3
26.0
27.8
29.7
26.5
28.4
26.1
25.0
30.0
35.0
40.0
40.0
35.0
30.0
25.0
28.2
27.5
29.6
29.3
27.0
29.5
29.1
29.4
27.7
26.8
26.6
27.3
27.1
26.3
29.3
28.3
27.5
29.9
27.3
28.5
28.2
29.6
29.6
29.6
27.7
28.3
28.0
25.9
25.1
29.2
25.3
27.5
28.3
26.9
26.6
25.7
28.5
27.8
28.7
28.1
29.1
27.6
26.6
27.0
25.7
26.2
28.2
28.8
25.8
28.8
25.8
28.2
26.4
25.5
26.6
29.3
29.4
29.6
29.4
26.5
