27.5
26.2
25.5
27.1
28.2
28.8
26.7
29.3
27.3
29.9
26.2
27.8
26.9
29.0
27.0
27.4
29.1
26.8
29.5
26.8
29.0
27.5
27.0
25.0
29.6
29.5
26.3
25.3
27.3
25.4
28.0
26.4
25.1
28.5
29.1
28.1
27.1
27.7
29.0
29.9
27.1
29.5
26.1
27.3
28.1
26.0
25.3
26.0
27.1
26.3
29.8
25.6
26.1
27.9
27.0
27.7
28.9
26.1
27.0
27.2
25.0
27.1
29.3
31.4
33.6
35.7
37.9
40.0
42.6
44.8
43.8
43.1
41.5
43.7
42.3
44.6
43.9
44.2
44.3
41.0
42.9
43.0
40.3
44.6
40.1
44.8
44.5
40.1
41.2
44.6
40.2
41.1
44.2
40.6
41.8
44.8
43.9
42.1
41.9
42.3
40.8
41.4
43.3
43.1
42.0
42.9
42.6
42.6
42.6
43.4
42.7
41.1
40.2
44.8
40.1
44.5
43.0
42.5
44.3
41.7
41.2
43.8
44.1
43.9
42.6
40.1
40.5
40.7
