26.9
26.9
27.0
26.6
26.5
26.5
26.3
26.8
26.8
25.1
26.2
28.6
26.9
27.3
28.4
25.9
28.0
28.3
28.5
28.8
29.1
29.3
29.6
29.9
30.1
30.4
30.6
30.9
31.2
31.4
31.7
31.9
32.2
32.4
32.7
32.9
33.2
33.4
33.7
33.9
34.2
34.4
34.7
34.9
35.2
35.4
35.6
35.9
36.1
36.3
36.5
36.8
37.0
37.2
37.4
37.6
37.8
38.0
38.2
38.4
38.6
38.8
39.0
39.2
39.4
39.6
39.8
40.0
40.1
40.3
40.5
40.6
40.8
40.9
41.1
41.3
41.4
41.5
41.7
41.8
41.9
42.1
42.2
42.3
42.4
42.5
42.7
42.8
42.9
43.0
43.1
43.1
43.2
43.3
43.4
43.4
43.5
43.6
43.6
43.7
43.7
43.8
43.8
43.9
43.9
43.9
44.0
44.0
44.0
44.0
44.0
44.0
44.3
41.3
42.1
43.0
44.9
41.3
40.8
43.6
41.6
40.8
42.1
40.7
40.5
40.6
43.1
43.3
