26.2
29.2
29.6
28.7
27.2
28.2
28.0
25.1
28.0
28.5
28.9
29.4
29.8
30.3
30.7
31.2
31.6
32.0
32.5
32.9
33.3
33.8
34.2
34.6
35.0
35.4
35.8
36.2
36.6
37.0
37.3
37.7
38.1
38.4
38.7
39.1
39.4
39.7
40.0
40.3
40.6
40.9
41.1
41.4
41.6
41.9
42.1
42.3
42.5
42.7
42.9
43.0
43.2
43.3
43.4
43.5
43.6
43.7
43.8
43.9
43.9
44.0
44.0
44.0
44.0
44.0
44.0
43.9
43.9
43.8
43.7
43.6
43.5
43.4
43.3
43.2
43.0
42.9
42.7
42.5
42.3
42.1
41.9
41.6
41.4
41.1
40.9
40.6
40.3
40.0
39.7
39.4
39.1
38.7
38.4
38.1
37.7
37.3
37.0
36.6
36.2
35.8
35.4
35.0
34.6
34.2
33.8
33.3
32.9
32.5
32.0
31.6
31.2
30.7
30.3
29.8
29.4
28.9
28.5
28.0
28.1
29.0
28.4
26.1
25.3
25.6
29.1
27.7
